(kicad_pcb (version 20171130) (host pcbnew 5.1.12-84ad8e8a86~92~ubuntu18.04.1)

  (general
    (thickness 1.6)
    (drawings 175)
    (tracks 1063)
    (zones 0)
    (modules 51)
    (nets 107)
  )

  (page A4)
  (title_block
    (title "DTMF Phone central - CPU Board Add-on - Hasler / Ascom")
    (date 2023-06-11)
    (rev 1)
    (comment 1 https://forum.system-cfg.com/viewtopic.php?p=231268#p231268)
    (comment 2 "RTT No 41178005 (Belgium)")
    (comment 3 "1061 - 2020 Rev C.")
    (comment 4 "Add-on for CPU Board")
  )

  (layers
    (0 F.Cu signal)
    (31 B.Cu signal)
    (32 B.Adhes user)
    (33 F.Adhes user)
    (34 B.Paste user)
    (35 F.Paste user)
    (36 B.SilkS user)
    (37 F.SilkS user)
    (38 B.Mask user)
    (39 F.Mask user)
    (40 Dwgs.User user)
    (41 Cmts.User user)
    (42 Eco1.User user hide)
    (43 Eco2.User user)
    (44 Edge.Cuts user)
    (45 Margin user)
    (46 B.CrtYd user)
    (47 F.CrtYd user)
    (48 B.Fab user)
    (49 F.Fab user)
  )

  (setup
    (last_trace_width 0.25)
    (trace_clearance 0.2)
    (zone_clearance 0.508)
    (zone_45_only no)
    (trace_min 0.2)
    (via_size 0.8)
    (via_drill 0.4)
    (via_min_size 0.4)
    (via_min_drill 0.3)
    (uvia_size 0.3)
    (uvia_drill 0.1)
    (uvias_allowed no)
    (uvia_min_size 0.2)
    (uvia_min_drill 0.1)
    (edge_width 0.05)
    (segment_width 0.2)
    (pcb_text_width 0.3)
    (pcb_text_size 1.5 1.5)
    (mod_edge_width 0.12)
    (mod_text_size 1 1)
    (mod_text_width 0.15)
    (pad_size 1.524 1.524)
    (pad_drill 0.762)
    (pad_to_mask_clearance 0)
    (aux_axis_origin 0 0)
    (visible_elements FFFFFF7F)
    (pcbplotparams
      (layerselection 0x010fc_ffffffff)
      (usegerberextensions false)
      (usegerberattributes true)
      (usegerberadvancedattributes true)
      (creategerberjobfile true)
      (excludeedgelayer true)
      (linewidth 0.100000)
      (plotframeref false)
      (viasonmask false)
      (mode 1)
      (useauxorigin false)
      (hpglpennumber 1)
      (hpglpenspeed 20)
      (hpglpendiameter 15.000000)
      (psnegative false)
      (psa4output false)
      (plotreference true)
      (plotvalue true)
      (plotinvisibletext false)
      (padsonsilk false)
      (subtractmaskfromsilk false)
      (outputformat 1)
      (mirror false)
      (drillshape 0)
      (scaleselection 1)
      (outputdirectory "v001/"))
  )

  (net 0 "")
  (net 1 +5V)
  (net 2 GND)
  (net 3 "Net-(D101-Pad1)")
  (net 4 /a5)
  (net 5 /a6)
  (net 6 /a7)
  (net 7 "Net-(D104-Pad2)")
  (net 8 "Net-(D105-Pad2)")
  (net 9 "Net-(D106-Pad2)")
  (net 10 "Net-(D107-Pad2)")
  (net 11 "Net-(D108-Pad2)")
  (net 12 "Net-(D109-Pad2)")
  (net 13 "Net-(D110-Pad2)")
  (net 14 "Net-(D111-Pad2)")
  (net 15 "Net-(J101-Pad1)")
  (net 16 _RCIOce)
  (net 17 "Net-(J102-Pad1)")
  (net 18 "Net-(J102-Pad2)")
  (net 19 "Net-(J102-Pad3)")
  (net 20 /_rfsh)
  (net 21 "Net-(J103-Pad4)")
  (net 22 "Net-(J103-Pad5)")
  (net 23 /_busack)
  (net 24 /_halt)
  (net 25 /_busrq)
  (net 26 /_wait)
  (net 27 /_nmi)
  (net 28 "Net-(J103-Pad11)")
  (net 29 "Net-(J103-Pad12)")
  (net 30 "Net-(J103-Pad13)")
  (net 31 "Net-(J103-Pad14)")
  (net 32 "Net-(J103-Pad15)")
  (net 33 "Net-(J103-Pad16)")
  (net 34 "Net-(J103-Pad17)")
  (net 35 "Net-(J103-Pad18)")
  (net 36 "Net-(J103-Pad19)")
  (net 37 "Net-(J103-Pad20)")
  (net 38 /a15)
  (net 39 /a14)
  (net 40 /a13)
  (net 41 /a12)
  (net 42 /a11)
  (net 43 /a10)
  (net 44 /a9)
  (net 45 /a8)
  (net 46 /a4)
  (net 47 /a3)
  (net 48 /a2)
  (net 49 /a1)
  (net 50 /a0)
  (net 51 /_m1)
  (net 52 /_rst)
  (net 53 /_clk)
  (net 54 /_int)
  (net 55 /_mreq)
  (net 56 /_wr)
  (net 57 /_rd)
  (net 58 /_iorq)
  (net 59 /d0)
  (net 60 /d1)
  (net 61 /d2)
  (net 62 /d3)
  (net 63 /d4)
  (net 64 /d5)
  (net 65 /d6)
  (net 66 /d7)
  (net 67 "Net-(J104-Pad35)")
  (net 68 "Net-(J104-Pad36)")
  (net 69 "Net-(J104-Pad37)")
  (net 70 "Net-(J104-Pad38)")
  (net 71 "Net-(J104-Pad39)")
  (net 72 "Net-(J104-Pad40)")
  (net 73 "Net-(R102-Pad2)")
  (net 74 "Net-(R103-Pad1)")
  (net 75 "Net-(R104-Pad2)")
  (net 76 "Net-(R105-Pad1)")
  (net 77 "Net-(R106-Pad2)")
  (net 78 "Net-(R107-Pad1)")
  (net 79 "Net-(R108-Pad2)")
  (net 80 "Net-(R109-Pad1)")
  (net 81 "Net-(R110-Pad2)")
  (net 82 "Net-(R111-Pad2)")
  (net 83 "Net-(R112-Pad2)")
  (net 84 "Net-(R113-Pad2)")
  (net 85 "Net-(R114-Pad2)")
  (net 86 "Net-(R115-Pad2)")
  (net 87 "Net-(R116-Pad2)")
  (net 88 "Net-(R117-Pad2)")
  (net 89 "Net-(U101-Pad6)")
  (net 90 "Net-(U101-Pad5)")
  (net 91 "Net-(U101-Pad10)")
  (net 92 "Net-(U101-Pad3)")
  (net 93 "Net-(U101-Pad1)")
  (net 94 "Net-(U103-Pad1)")
  (net 95 "Net-(U103-Pad8)")
  (net 96 "Net-(U103-Pad2)")
  (net 97 "Net-(U103-Pad10)")
  (net 98 "Net-(U103-Pad4)")
  (net 99 "Net-(U103-Pad6)")
  (net 100 "Net-(U104-Pad12)")
  (net 101 "Net-(U104-Pad13)")
  (net 102 "Net-(U104-Pad14)")
  (net 103 "Net-(U104-Pad15)")
  (net 104 "Net-(U107-Pad3)")
  (net 105 "Net-(U107-Pad10)")
  (net 106 "Net-(U107-Pad6)")

  (net_class Default "This is the default net class."
    (clearance 0.2)
    (trace_width 0.25)
    (via_dia 0.8)
    (via_drill 0.4)
    (uvia_dia 0.3)
    (uvia_drill 0.1)
    (add_net +5V)
    (add_net /_busack)
    (add_net /_busrq)
    (add_net /_clk)
    (add_net /_halt)
    (add_net /_int)
    (add_net /_iorq)
    (add_net /_m1)
    (add_net /_mreq)
    (add_net /_nmi)
    (add_net /_rd)
    (add_net /_rfsh)
    (add_net /_rst)
    (add_net /_wait)
    (add_net /_wr)
    (add_net /a0)
    (add_net /a1)
    (add_net /a10)
    (add_net /a11)
    (add_net /a12)
    (add_net /a13)
    (add_net /a14)
    (add_net /a15)
    (add_net /a2)
    (add_net /a3)
    (add_net /a4)
    (add_net /a5)
    (add_net /a6)
    (add_net /a7)
    (add_net /a8)
    (add_net /a9)
    (add_net /d0)
    (add_net /d1)
    (add_net /d2)
    (add_net /d3)
    (add_net /d4)
    (add_net /d5)
    (add_net /d6)
    (add_net /d7)
    (add_net GND)
    (add_net "Net-(D101-Pad1)")
    (add_net "Net-(D104-Pad2)")
    (add_net "Net-(D105-Pad2)")
    (add_net "Net-(D106-Pad2)")
    (add_net "Net-(D107-Pad2)")
    (add_net "Net-(D108-Pad2)")
    (add_net "Net-(D109-Pad2)")
    (add_net "Net-(D110-Pad2)")
    (add_net "Net-(D111-Pad2)")
    (add_net "Net-(J101-Pad1)")
    (add_net "Net-(J102-Pad1)")
    (add_net "Net-(J102-Pad2)")
    (add_net "Net-(J102-Pad3)")
    (add_net "Net-(J103-Pad11)")
    (add_net "Net-(J103-Pad12)")
    (add_net "Net-(J103-Pad13)")
    (add_net "Net-(J103-Pad14)")
    (add_net "Net-(J103-Pad15)")
    (add_net "Net-(J103-Pad16)")
    (add_net "Net-(J103-Pad17)")
    (add_net "Net-(J103-Pad18)")
    (add_net "Net-(J103-Pad19)")
    (add_net "Net-(J103-Pad20)")
    (add_net "Net-(J103-Pad4)")
    (add_net "Net-(J103-Pad5)")
    (add_net "Net-(J104-Pad35)")
    (add_net "Net-(J104-Pad36)")
    (add_net "Net-(J104-Pad37)")
    (add_net "Net-(J104-Pad38)")
    (add_net "Net-(J104-Pad39)")
    (add_net "Net-(J104-Pad40)")
    (add_net "Net-(R102-Pad2)")
    (add_net "Net-(R103-Pad1)")
    (add_net "Net-(R104-Pad2)")
    (add_net "Net-(R105-Pad1)")
    (add_net "Net-(R106-Pad2)")
    (add_net "Net-(R107-Pad1)")
    (add_net "Net-(R108-Pad2)")
    (add_net "Net-(R109-Pad1)")
    (add_net "Net-(R110-Pad2)")
    (add_net "Net-(R111-Pad2)")
    (add_net "Net-(R112-Pad2)")
    (add_net "Net-(R113-Pad2)")
    (add_net "Net-(R114-Pad2)")
    (add_net "Net-(R115-Pad2)")
    (add_net "Net-(R116-Pad2)")
    (add_net "Net-(R117-Pad2)")
    (add_net "Net-(U101-Pad1)")
    (add_net "Net-(U101-Pad10)")
    (add_net "Net-(U101-Pad3)")
    (add_net "Net-(U101-Pad5)")
    (add_net "Net-(U101-Pad6)")
    (add_net "Net-(U103-Pad1)")
    (add_net "Net-(U103-Pad10)")
    (add_net "Net-(U103-Pad2)")
    (add_net "Net-(U103-Pad4)")
    (add_net "Net-(U103-Pad6)")
    (add_net "Net-(U103-Pad8)")
    (add_net "Net-(U104-Pad12)")
    (add_net "Net-(U104-Pad13)")
    (add_net "Net-(U104-Pad14)")
    (add_net "Net-(U104-Pad15)")
    (add_net "Net-(U107-Pad10)")
    (add_net "Net-(U107-Pad3)")
    (add_net "Net-(U107-Pad6)")
    (add_net _RCIOce)
  )

  (module Connector_PinHeader_2.54mm:PinHeader_1x20_P2.54mm_Vertical (layer F.Cu) (tedit 59FED5CC) (tstamp 64862EBD)
    (at 124.3076 95.5294)
    (descr "Through hole straight pin header, 1x20, 2.54mm pitch, single row")
    (tags "Through hole pin header THT 1x20 2.54mm single row")
    (path /65405E9F)
    (fp_text reference J103 (at 0 -2.33) (layer F.SilkS)
      (effects (font (size 1 1) (thickness 0.15)))
    )
    (fp_text value Conn_Enh (at 0 50.59) (layer F.Fab)
      (effects (font (size 1 1) (thickness 0.15)))
    )
    (fp_line (start -0.635 -1.27) (end 1.27 -1.27) (layer F.Fab) (width 0.1))
    (fp_line (start 1.27 -1.27) (end 1.27 49.53) (layer F.Fab) (width 0.1))
    (fp_line (start 1.27 49.53) (end -1.27 49.53) (layer F.Fab) (width 0.1))
    (fp_line (start -1.27 49.53) (end -1.27 -0.635) (layer F.Fab) (width 0.1))
    (fp_line (start -1.27 -0.635) (end -0.635 -1.27) (layer F.Fab) (width 0.1))
    (fp_line (start -1.33 49.59) (end 1.33 49.59) (layer F.SilkS) (width 0.12))
    (fp_line (start -1.33 1.27) (end -1.33 49.59) (layer F.SilkS) (width 0.12))
    (fp_line (start 1.33 1.27) (end 1.33 49.59) (layer F.SilkS) (width 0.12))
    (fp_line (start -1.33 1.27) (end 1.33 1.27) (layer F.SilkS) (width 0.12))
    (fp_line (start -1.33 0) (end -1.33 -1.33) (layer F.SilkS) (width 0.12))
    (fp_line (start -1.33 -1.33) (end 0 -1.33) (layer F.SilkS) (width 0.12))
    (fp_line (start -1.8 -1.8) (end -1.8 50.05) (layer F.CrtYd) (width 0.05))
    (fp_line (start -1.8 50.05) (end 1.8 50.05) (layer F.CrtYd) (width 0.05))
    (fp_line (start 1.8 50.05) (end 1.8 -1.8) (layer F.CrtYd) (width 0.05))
    (fp_line (start 1.8 -1.8) (end -1.8 -1.8) (layer F.CrtYd) (width 0.05))
    (fp_text user %R (at 0 24.13 90) (layer F.Fab)
      (effects (font (size 1 1) (thickness 0.15)))
    )
    (pad 1 thru_hole rect (at 0 0) (size 1.7 1.7) (drill 1) (layers *.Cu *.Mask)
      (net 2 GND))
    (pad 2 thru_hole oval (at 0 2.54) (size 1.7 1.7) (drill 1) (layers *.Cu *.Mask)
      (net 1 +5V))
    (pad 3 thru_hole oval (at 0 5.08) (size 1.7 1.7) (drill 1) (layers *.Cu *.Mask)
      (net 20 /_rfsh))
    (pad 4 thru_hole oval (at 0 7.62) (size 1.7 1.7) (drill 1) (layers *.Cu *.Mask)
      (net 21 "Net-(J103-Pad4)"))
    (pad 5 thru_hole oval (at 0 10.16) (size 1.7 1.7) (drill 1) (layers *.Cu *.Mask)
      (net 22 "Net-(J103-Pad5)"))
    (pad 6 thru_hole oval (at 0 12.7) (size 1.7 1.7) (drill 1) (layers *.Cu *.Mask)
      (net 23 /_busack))
    (pad 7 thru_hole oval (at 0 15.24) (size 1.7 1.7) (drill 1) (layers *.Cu *.Mask)
      (net 24 /_halt))
    (pad 8 thru_hole oval (at 0 17.78) (size 1.7 1.7) (drill 1) (layers *.Cu *.Mask)
      (net 25 /_busrq))
    (pad 9 thru_hole oval (at 0 20.32) (size 1.7 1.7) (drill 1) (layers *.Cu *.Mask)
      (net 26 /_wait))
    (pad 10 thru_hole oval (at 0 22.86) (size 1.7 1.7) (drill 1) (layers *.Cu *.Mask)
      (net 27 /_nmi))
    (pad 11 thru_hole oval (at 0 25.4) (size 1.7 1.7) (drill 1) (layers *.Cu *.Mask)
      (net 28 "Net-(J103-Pad11)"))
    (pad 12 thru_hole oval (at 0 27.94) (size 1.7 1.7) (drill 1) (layers *.Cu *.Mask)
      (net 29 "Net-(J103-Pad12)"))
    (pad 13 thru_hole oval (at 0 30.48) (size 1.7 1.7) (drill 1) (layers *.Cu *.Mask)
      (net 30 "Net-(J103-Pad13)"))
    (pad 14 thru_hole oval (at 0 33.02) (size 1.7 1.7) (drill 1) (layers *.Cu *.Mask)
      (net 31 "Net-(J103-Pad14)"))
    (pad 15 thru_hole oval (at 0 35.56) (size 1.7 1.7) (drill 1) (layers *.Cu *.Mask)
      (net 32 "Net-(J103-Pad15)"))
    (pad 16 thru_hole oval (at 0 38.1) (size 1.7 1.7) (drill 1) (layers *.Cu *.Mask)
      (net 33 "Net-(J103-Pad16)"))
    (pad 17 thru_hole oval (at 0 40.64) (size 1.7 1.7) (drill 1) (layers *.Cu *.Mask)
      (net 34 "Net-(J103-Pad17)"))
    (pad 18 thru_hole oval (at 0 43.18) (size 1.7 1.7) (drill 1) (layers *.Cu *.Mask)
      (net 35 "Net-(J103-Pad18)"))
    (pad 19 thru_hole oval (at 0 45.72) (size 1.7 1.7) (drill 1) (layers *.Cu *.Mask)
      (net 36 "Net-(J103-Pad19)"))
    (pad 20 thru_hole oval (at 0 48.26) (size 1.7 1.7) (drill 1) (layers *.Cu *.Mask)
      (net 37 "Net-(J103-Pad20)"))
    (model ${KISYS3DMOD}/Connector_PinHeader_2.54mm.3dshapes/PinHeader_1x20_P2.54mm_Vertical.wrl
      (at (xyz 0 0 0))
      (scale (xyz 1 1 1))
      (rotate (xyz 0 0 0))
    )
  )

  (module Capacitor_THT:C_Disc_D3.4mm_W2.1mm_P2.50mm (layer F.Cu) (tedit 5AE50EF0) (tstamp 64862D44)
    (at 118.4656 157.226 90)
    (descr "C, Disc series, Radial, pin pitch=2.50mm, , diameter*width=3.4*2.1mm^2, Capacitor, http://www.vishay.com/docs/45233/krseries.pdf")
    (tags "C Disc series Radial pin pitch 2.50mm  diameter 3.4mm width 2.1mm Capacitor")
    (path /64DDB489)
    (fp_text reference C101 (at 1.397 2.2352 270) (layer F.SilkS)
      (effects (font (size 1 1) (thickness 0.15)))
    )
    (fp_text value C10nF (at 1.25 2.3 90) (layer F.Fab)
      (effects (font (size 1 1) (thickness 0.15)))
    )
    (fp_line (start -0.45 -1.05) (end -0.45 1.05) (layer F.Fab) (width 0.1))
    (fp_line (start -0.45 1.05) (end 2.95 1.05) (layer F.Fab) (width 0.1))
    (fp_line (start 2.95 1.05) (end 2.95 -1.05) (layer F.Fab) (width 0.1))
    (fp_line (start 2.95 -1.05) (end -0.45 -1.05) (layer F.Fab) (width 0.1))
    (fp_line (start -0.57 -1.17) (end 3.07 -1.17) (layer F.SilkS) (width 0.12))
    (fp_line (start -0.57 1.17) (end 3.07 1.17) (layer F.SilkS) (width 0.12))
    (fp_line (start -0.57 -1.17) (end -0.57 -0.925) (layer F.SilkS) (width 0.12))
    (fp_line (start -0.57 0.925) (end -0.57 1.17) (layer F.SilkS) (width 0.12))
    (fp_line (start 3.07 -1.17) (end 3.07 -0.925) (layer F.SilkS) (width 0.12))
    (fp_line (start 3.07 0.925) (end 3.07 1.17) (layer F.SilkS) (width 0.12))
    (fp_line (start -1.05 -1.3) (end -1.05 1.3) (layer F.CrtYd) (width 0.05))
    (fp_line (start -1.05 1.3) (end 3.55 1.3) (layer F.CrtYd) (width 0.05))
    (fp_line (start 3.55 1.3) (end 3.55 -1.3) (layer F.CrtYd) (width 0.05))
    (fp_line (start 3.55 -1.3) (end -1.05 -1.3) (layer F.CrtYd) (width 0.05))
    (fp_text user %R (at 1.25 0 90) (layer F.Fab)
      (effects (font (size 0.68 0.68) (thickness 0.102)))
    )
    (pad 1 thru_hole circle (at 0 0 90) (size 1.6 1.6) (drill 0.8) (layers *.Cu *.Mask)
      (net 1 +5V))
    (pad 2 thru_hole circle (at 2.5 0 90) (size 1.6 1.6) (drill 0.8) (layers *.Cu *.Mask)
      (net 2 GND))
    (model ${KISYS3DMOD}/Capacitor_THT.3dshapes/C_Disc_D3.4mm_W2.1mm_P2.50mm.wrl
      (at (xyz 0 0 0))
      (scale (xyz 1 1 1))
      (rotate (xyz 0 0 0))
    )
  )

  (module Capacitor_THT:C_Disc_D3.4mm_W2.1mm_P2.50mm (layer F.Cu) (tedit 5AE50EF0) (tstamp 64862D59)
    (at 121.031 63.5508 90)
    (descr "C, Disc series, Radial, pin pitch=2.50mm, , diameter*width=3.4*2.1mm^2, Capacitor, http://www.vishay.com/docs/45233/krseries.pdf")
    (tags "C Disc series Radial pin pitch 2.50mm  diameter 3.4mm width 2.1mm Capacitor")
    (path /64DD5012)
    (fp_text reference C102 (at 1.27 2.286 90) (layer F.SilkS)
      (effects (font (size 1 1) (thickness 0.15)))
    )
    (fp_text value C10nF (at 1.25 2.3 90) (layer F.Fab)
      (effects (font (size 1 1) (thickness 0.15)))
    )
    (fp_line (start 3.55 -1.3) (end -1.05 -1.3) (layer F.CrtYd) (width 0.05))
    (fp_line (start 3.55 1.3) (end 3.55 -1.3) (layer F.CrtYd) (width 0.05))
    (fp_line (start -1.05 1.3) (end 3.55 1.3) (layer F.CrtYd) (width 0.05))
    (fp_line (start -1.05 -1.3) (end -1.05 1.3) (layer F.CrtYd) (width 0.05))
    (fp_line (start 3.07 0.925) (end 3.07 1.17) (layer F.SilkS) (width 0.12))
    (fp_line (start 3.07 -1.17) (end 3.07 -0.925) (layer F.SilkS) (width 0.12))
    (fp_line (start -0.57 0.925) (end -0.57 1.17) (layer F.SilkS) (width 0.12))
    (fp_line (start -0.57 -1.17) (end -0.57 -0.925) (layer F.SilkS) (width 0.12))
    (fp_line (start -0.57 1.17) (end 3.07 1.17) (layer F.SilkS) (width 0.12))
    (fp_line (start -0.57 -1.17) (end 3.07 -1.17) (layer F.SilkS) (width 0.12))
    (fp_line (start 2.95 -1.05) (end -0.45 -1.05) (layer F.Fab) (width 0.1))
    (fp_line (start 2.95 1.05) (end 2.95 -1.05) (layer F.Fab) (width 0.1))
    (fp_line (start -0.45 1.05) (end 2.95 1.05) (layer F.Fab) (width 0.1))
    (fp_line (start -0.45 -1.05) (end -0.45 1.05) (layer F.Fab) (width 0.1))
    (fp_text user %R (at 1.25 0 90) (layer F.Fab)
      (effects (font (size 0.68 0.68) (thickness 0.102)))
    )
    (pad 2 thru_hole circle (at 2.5 0 90) (size 1.6 1.6) (drill 0.8) (layers *.Cu *.Mask)
      (net 2 GND))
    (pad 1 thru_hole circle (at 0 0 90) (size 1.6 1.6) (drill 0.8) (layers *.Cu *.Mask)
      (net 1 +5V))
    (model ${KISYS3DMOD}/Capacitor_THT.3dshapes/C_Disc_D3.4mm_W2.1mm_P2.50mm.wrl
      (at (xyz 0 0 0))
      (scale (xyz 1 1 1))
      (rotate (xyz 0 0 0))
    )
  )

  (module Capacitor_THT:C_Disc_D3.4mm_W2.1mm_P2.50mm (layer F.Cu) (tedit 5AE50EF0) (tstamp 64862D6E)
    (at 69.3928 83.947 90)
    (descr "C, Disc series, Radial, pin pitch=2.50mm, , diameter*width=3.4*2.1mm^2, Capacitor, http://www.vishay.com/docs/45233/krseries.pdf")
    (tags "C Disc series Radial pin pitch 2.50mm  diameter 3.4mm width 2.1mm Capacitor")
    (path /64DC6855)
    (fp_text reference C103 (at 1.25 -2.3 90) (layer F.SilkS)
      (effects (font (size 1 1) (thickness 0.15)))
    )
    (fp_text value C10nF (at 1.25 2.3 90) (layer F.Fab)
      (effects (font (size 1 1) (thickness 0.15)))
    )
    (fp_line (start -0.45 -1.05) (end -0.45 1.05) (layer F.Fab) (width 0.1))
    (fp_line (start -0.45 1.05) (end 2.95 1.05) (layer F.Fab) (width 0.1))
    (fp_line (start 2.95 1.05) (end 2.95 -1.05) (layer F.Fab) (width 0.1))
    (fp_line (start 2.95 -1.05) (end -0.45 -1.05) (layer F.Fab) (width 0.1))
    (fp_line (start -0.57 -1.17) (end 3.07 -1.17) (layer F.SilkS) (width 0.12))
    (fp_line (start -0.57 1.17) (end 3.07 1.17) (layer F.SilkS) (width 0.12))
    (fp_line (start -0.57 -1.17) (end -0.57 -0.925) (layer F.SilkS) (width 0.12))
    (fp_line (start -0.57 0.925) (end -0.57 1.17) (layer F.SilkS) (width 0.12))
    (fp_line (start 3.07 -1.17) (end 3.07 -0.925) (layer F.SilkS) (width 0.12))
    (fp_line (start 3.07 0.925) (end 3.07 1.17) (layer F.SilkS) (width 0.12))
    (fp_line (start -1.05 -1.3) (end -1.05 1.3) (layer F.CrtYd) (width 0.05))
    (fp_line (start -1.05 1.3) (end 3.55 1.3) (layer F.CrtYd) (width 0.05))
    (fp_line (start 3.55 1.3) (end 3.55 -1.3) (layer F.CrtYd) (width 0.05))
    (fp_line (start 3.55 -1.3) (end -1.05 -1.3) (layer F.CrtYd) (width 0.05))
    (fp_text user %R (at 1.25 0 90) (layer F.Fab)
      (effects (font (size 0.68 0.68) (thickness 0.102)))
    )
    (pad 1 thru_hole circle (at 0 0 90) (size 1.6 1.6) (drill 0.8) (layers *.Cu *.Mask)
      (net 1 +5V))
    (pad 2 thru_hole circle (at 2.5 0 90) (size 1.6 1.6) (drill 0.8) (layers *.Cu *.Mask)
      (net 2 GND))
    (model ${KISYS3DMOD}/Capacitor_THT.3dshapes/C_Disc_D3.4mm_W2.1mm_P2.50mm.wrl
      (at (xyz 0 0 0))
      (scale (xyz 1 1 1))
      (rotate (xyz 0 0 0))
    )
  )

  (module Diode_THT:D_A-405_P10.16mm_Horizontal (layer F.Cu) (tedit 5AE50CD5) (tstamp 64862D8D)
    (at 163.83 96.4184 270)
    (descr "Diode, A-405 series, Axial, Horizontal, pin pitch=10.16mm, , length*diameter=5.2*2.7mm^2, , http://www.diodes.com/_files/packages/A-405.pdf")
    (tags "Diode A-405 series Axial Horizontal pin pitch 10.16mm  length 5.2mm diameter 2.7mm")
    (path /651F7FAA)
    (fp_text reference D101 (at 5.428999 0.008799 90) (layer F.SilkS)
      (effects (font (size 1 1) (thickness 0.15)))
    )
    (fp_text value 1N4001 (at 5.08 2.47 90) (layer F.Fab)
      (effects (font (size 1 1) (thickness 0.15)))
    )
    (fp_line (start 2.48 -1.35) (end 2.48 1.35) (layer F.Fab) (width 0.1))
    (fp_line (start 2.48 1.35) (end 7.68 1.35) (layer F.Fab) (width 0.1))
    (fp_line (start 7.68 1.35) (end 7.68 -1.35) (layer F.Fab) (width 0.1))
    (fp_line (start 7.68 -1.35) (end 2.48 -1.35) (layer F.Fab) (width 0.1))
    (fp_line (start 0 0) (end 2.48 0) (layer F.Fab) (width 0.1))
    (fp_line (start 10.16 0) (end 7.68 0) (layer F.Fab) (width 0.1))
    (fp_line (start 3.26 -1.35) (end 3.26 1.35) (layer F.Fab) (width 0.1))
    (fp_line (start 3.36 -1.35) (end 3.36 1.35) (layer F.Fab) (width 0.1))
    (fp_line (start 3.16 -1.35) (end 3.16 1.35) (layer F.Fab) (width 0.1))
    (fp_line (start 2.36 -1.47) (end 2.36 1.47) (layer F.SilkS) (width 0.12))
    (fp_line (start 2.36 1.47) (end 7.8 1.47) (layer F.SilkS) (width 0.12))
    (fp_line (start 7.8 1.47) (end 7.8 -1.47) (layer F.SilkS) (width 0.12))
    (fp_line (start 7.8 -1.47) (end 2.36 -1.47) (layer F.SilkS) (width 0.12))
    (fp_line (start 1.14 0) (end 2.36 0) (layer F.SilkS) (width 0.12))
    (fp_line (start 9.02 0) (end 7.8 0) (layer F.SilkS) (width 0.12))
    (fp_line (start 3.26 -1.47) (end 3.26 1.47) (layer F.SilkS) (width 0.12))
    (fp_line (start 3.38 -1.47) (end 3.38 1.47) (layer F.SilkS) (width 0.12))
    (fp_line (start 3.14 -1.47) (end 3.14 1.47) (layer F.SilkS) (width 0.12))
    (fp_line (start -1.15 -1.6) (end -1.15 1.6) (layer F.CrtYd) (width 0.05))
    (fp_line (start -1.15 1.6) (end 11.31 1.6) (layer F.CrtYd) (width 0.05))
    (fp_line (start 11.31 1.6) (end 11.31 -1.6) (layer F.CrtYd) (width 0.05))
    (fp_line (start 11.31 -1.6) (end -1.15 -1.6) (layer F.CrtYd) (width 0.05))
    (fp_text user %R (at 5.47 0 90) (layer F.Fab)
      (effects (font (size 1 1) (thickness 0.15)))
    )
    (fp_text user K (at 1.720599 -0.778601 270) (layer F.Fab)
      (effects (font (size 1 1) (thickness 0.15)))
    )
    (fp_text user K (at 1.7526 -0.8128 90) (layer F.SilkS)
      (effects (font (size 1 1) (thickness 0.15)))
    )
    (pad 1 thru_hole rect (at 0 0 270) (size 1.8 1.8) (drill 0.9) (layers *.Cu *.Mask)
      (net 3 "Net-(D101-Pad1)"))
    (pad 2 thru_hole oval (at 10.16 0 270) (size 1.8 1.8) (drill 0.9) (layers *.Cu *.Mask)
      (net 4 /a5))
    (model ${KISYS3DMOD}/Diode_THT.3dshapes/D_A-405_P10.16mm_Horizontal.wrl
      (at (xyz 0 0 0))
      (scale (xyz 1 1 1))
      (rotate (xyz 0 0 0))
    )
  )

  (module Diode_THT:D_A-405_P10.16mm_Horizontal (layer F.Cu) (tedit 5AE50CD5) (tstamp 64862DAC)
    (at 163.83 81.7118 270)
    (descr "Diode, A-405 series, Axial, Horizontal, pin pitch=10.16mm, , length*diameter=5.2*2.7mm^2, , http://www.diodes.com/_files/packages/A-405.pdf")
    (tags "Diode A-405 series Axial Horizontal pin pitch 10.16mm  length 5.2mm diameter 2.7mm")
    (path /651E39EF)
    (fp_text reference D102 (at 5.4864 0 90) (layer F.SilkS)
      (effects (font (size 1 1) (thickness 0.15)))
    )
    (fp_text value 1N4001 (at 5.08 2.47 90) (layer F.Fab)
      (effects (font (size 1 1) (thickness 0.15)))
    )
    (fp_line (start 11.31 -1.6) (end -1.15 -1.6) (layer F.CrtYd) (width 0.05))
    (fp_line (start 11.31 1.6) (end 11.31 -1.6) (layer F.CrtYd) (width 0.05))
    (fp_line (start -1.15 1.6) (end 11.31 1.6) (layer F.CrtYd) (width 0.05))
    (fp_line (start -1.15 -1.6) (end -1.15 1.6) (layer F.CrtYd) (width 0.05))
    (fp_line (start 3.14 -1.47) (end 3.14 1.47) (layer F.SilkS) (width 0.12))
    (fp_line (start 3.38 -1.47) (end 3.38 1.47) (layer F.SilkS) (width 0.12))
    (fp_line (start 3.26 -1.47) (end 3.26 1.47) (layer F.SilkS) (width 0.12))
    (fp_line (start 9.02 0) (end 7.8 0) (layer F.SilkS) (width 0.12))
    (fp_line (start 1.14 0) (end 2.36 0) (layer F.SilkS) (width 0.12))
    (fp_line (start 7.8 -1.47) (end 2.36 -1.47) (layer F.SilkS) (width 0.12))
    (fp_line (start 7.8 1.47) (end 7.8 -1.47) (layer F.SilkS) (width 0.12))
    (fp_line (start 2.36 1.47) (end 7.8 1.47) (layer F.SilkS) (width 0.12))
    (fp_line (start 2.36 -1.47) (end 2.36 1.47) (layer F.SilkS) (width 0.12))
    (fp_line (start 3.16 -1.35) (end 3.16 1.35) (layer F.Fab) (width 0.1))
    (fp_line (start 3.36 -1.35) (end 3.36 1.35) (layer F.Fab) (width 0.1))
    (fp_line (start 3.26 -1.35) (end 3.26 1.35) (layer F.Fab) (width 0.1))
    (fp_line (start 10.16 0) (end 7.68 0) (layer F.Fab) (width 0.1))
    (fp_line (start 0 0) (end 2.48 0) (layer F.Fab) (width 0.1))
    (fp_line (start 7.68 -1.35) (end 2.48 -1.35) (layer F.Fab) (width 0.1))
    (fp_line (start 7.68 1.35) (end 7.68 -1.35) (layer F.Fab) (width 0.1))
    (fp_line (start 2.48 1.35) (end 7.68 1.35) (layer F.Fab) (width 0.1))
    (fp_line (start 2.48 -1.35) (end 2.48 1.35) (layer F.Fab) (width 0.1))
    (fp_text user K (at 1.7018 -0.8128 90) (layer F.SilkS)
      (effects (font (size 1 1) (thickness 0.15)))
    )
    (fp_text user K (at 1.7018 -0.8128 90) (layer F.Fab)
      (effects (font (size 1 1) (thickness 0.15)))
    )
    (fp_text user %R (at 5.47 0 90) (layer F.Fab)
      (effects (font (size 1 1) (thickness 0.15)))
    )
    (pad 2 thru_hole oval (at 10.16 0 270) (size 1.8 1.8) (drill 0.9) (layers *.Cu *.Mask)
      (net 5 /a6))
    (pad 1 thru_hole rect (at 0 0 270) (size 1.8 1.8) (drill 0.9) (layers *.Cu *.Mask)
      (net 3 "Net-(D101-Pad1)"))
    (model ${KISYS3DMOD}/Diode_THT.3dshapes/D_A-405_P10.16mm_Horizontal.wrl
      (at (xyz 0 0 0))
      (scale (xyz 1 1 1))
      (rotate (xyz 0 0 0))
    )
  )

  (module Diode_THT:D_A-405_P10.16mm_Horizontal (layer F.Cu) (tedit 5AE50CD5) (tstamp 64862DCB)
    (at 163.7538 66.5226 270)
    (descr "Diode, A-405 series, Axial, Horizontal, pin pitch=10.16mm, , length*diameter=5.2*2.7mm^2, , http://www.diodes.com/_files/packages/A-405.pdf")
    (tags "Diode A-405 series Axial Horizontal pin pitch 10.16mm  length 5.2mm diameter 2.7mm")
    (path /65183277)
    (fp_text reference D103 (at 5.4864 0 90) (layer F.SilkS)
      (effects (font (size 1 1) (thickness 0.15)))
    )
    (fp_text value 1N4001 (at 5.08 2.47 90) (layer F.Fab)
      (effects (font (size 1 1) (thickness 0.15)))
    )
    (fp_line (start 2.48 -1.35) (end 2.48 1.35) (layer F.Fab) (width 0.1))
    (fp_line (start 2.48 1.35) (end 7.68 1.35) (layer F.Fab) (width 0.1))
    (fp_line (start 7.68 1.35) (end 7.68 -1.35) (layer F.Fab) (width 0.1))
    (fp_line (start 7.68 -1.35) (end 2.48 -1.35) (layer F.Fab) (width 0.1))
    (fp_line (start 0 0) (end 2.48 0) (layer F.Fab) (width 0.1))
    (fp_line (start 10.16 0) (end 7.68 0) (layer F.Fab) (width 0.1))
    (fp_line (start 3.26 -1.35) (end 3.26 1.35) (layer F.Fab) (width 0.1))
    (fp_line (start 3.36 -1.35) (end 3.36 1.35) (layer F.Fab) (width 0.1))
    (fp_line (start 3.16 -1.35) (end 3.16 1.35) (layer F.Fab) (width 0.1))
    (fp_line (start 2.36 -1.47) (end 2.36 1.47) (layer F.SilkS) (width 0.12))
    (fp_line (start 2.36 1.47) (end 7.8 1.47) (layer F.SilkS) (width 0.12))
    (fp_line (start 7.8 1.47) (end 7.8 -1.47) (layer F.SilkS) (width 0.12))
    (fp_line (start 7.8 -1.47) (end 2.36 -1.47) (layer F.SilkS) (width 0.12))
    (fp_line (start 1.14 0) (end 2.36 0) (layer F.SilkS) (width 0.12))
    (fp_line (start 9.02 0) (end 7.8 0) (layer F.SilkS) (width 0.12))
    (fp_line (start 3.26 -1.47) (end 3.26 1.47) (layer F.SilkS) (width 0.12))
    (fp_line (start 3.38 -1.47) (end 3.38 1.47) (layer F.SilkS) (width 0.12))
    (fp_line (start 3.14 -1.47) (end 3.14 1.47) (layer F.SilkS) (width 0.12))
    (fp_line (start -1.15 -1.6) (end -1.15 1.6) (layer F.CrtYd) (width 0.05))
    (fp_line (start -1.15 1.6) (end 11.31 1.6) (layer F.CrtYd) (width 0.05))
    (fp_line (start 11.31 1.6) (end 11.31 -1.6) (layer F.CrtYd) (width 0.05))
    (fp_line (start 11.31 -1.6) (end -1.15 -1.6) (layer F.CrtYd) (width 0.05))
    (fp_text user %R (at 5.47 0 90) (layer F.Fab)
      (effects (font (size 1 1) (thickness 0.15)))
    )
    (fp_text user K (at 1.6764 -0.9398 90) (layer F.Fab)
      (effects (font (size 1 1) (thickness 0.15)))
    )
    (fp_text user K (at 1.6764 -0.9398 90) (layer F.SilkS)
      (effects (font (size 1 1) (thickness 0.15)))
    )
    (pad 1 thru_hole rect (at 0 0 270) (size 1.8 1.8) (drill 0.9) (layers *.Cu *.Mask)
      (net 3 "Net-(D101-Pad1)"))
    (pad 2 thru_hole oval (at 10.16 0 270) (size 1.8 1.8) (drill 0.9) (layers *.Cu *.Mask)
      (net 6 /a7))
    (model ${KISYS3DMOD}/Diode_THT.3dshapes/D_A-405_P10.16mm_Horizontal.wrl
      (at (xyz 0 0 0))
      (scale (xyz 1 1 1))
      (rotate (xyz 0 0 0))
    )
  )

  (module LED_THT:LED_D3.0mm_FlatTop (layer F.Cu) (tedit 5880A862) (tstamp 64862DDE)
    (at 127.688999 30.412401 270)
    (descr "LED, Round, FlatTop, diameter 3.0mm, 2 pins, http://www.kingbright.com/attachments/file/psearch/000/00/00/L-47XEC(Ver.9A).pdf")
    (tags "LED Round FlatTop diameter 3.0mm 2 pins")
    (path /64B0FC2E)
    (fp_text reference D104 (at 1.27 -2.96 90) (layer F.SilkS)
      (effects (font (size 1 1) (thickness 0.15)))
    )
    (fp_text value LED (at 1.27 2.96 90) (layer F.Fab)
      (effects (font (size 1 1) (thickness 0.15)))
    )
    (fp_line (start 3.7 -2.25) (end -1.15 -2.25) (layer F.CrtYd) (width 0.05))
    (fp_line (start 3.7 2.25) (end 3.7 -2.25) (layer F.CrtYd) (width 0.05))
    (fp_line (start -1.15 2.25) (end 3.7 2.25) (layer F.CrtYd) (width 0.05))
    (fp_line (start -1.15 -2.25) (end -1.15 2.25) (layer F.CrtYd) (width 0.05))
    (fp_line (start -0.29 1.08) (end -0.29 1.236) (layer F.SilkS) (width 0.12))
    (fp_line (start -0.29 -1.236) (end -0.29 -1.08) (layer F.SilkS) (width 0.12))
    (fp_line (start -0.23 -1.16619) (end -0.23 1.16619) (layer F.Fab) (width 0.1))
    (fp_circle (center 1.27 0) (end 2.77 0) (layer F.Fab) (width 0.1))
    (fp_arc (start 1.27 0) (end 0.229039 1.08) (angle -87.9) (layer F.SilkS) (width 0.12))
    (fp_arc (start 1.27 0) (end 0.229039 -1.08) (angle 87.9) (layer F.SilkS) (width 0.12))
    (fp_arc (start 1.27 0) (end -0.29 1.235516) (angle -108.8) (layer F.SilkS) (width 0.12))
    (fp_arc (start 1.27 0) (end -0.29 -1.235516) (angle 108.8) (layer F.SilkS) (width 0.12))
    (fp_arc (start 1.27 0) (end -0.23 -1.16619) (angle 284.3) (layer F.Fab) (width 0.1))
    (pad 2 thru_hole circle (at 2.54 0 270) (size 1.8 1.8) (drill 0.9) (layers *.Cu *.Mask)
      (net 7 "Net-(D104-Pad2)"))
    (pad 1 thru_hole rect (at 0 0 270) (size 1.8 1.8) (drill 0.9) (layers *.Cu *.Mask)
      (net 2 GND))
    (model ${KISYS3DMOD}/LED_THT.3dshapes/LED_D3.0mm_FlatTop.wrl
      (at (xyz 0 0 0))
      (scale (xyz 1 1 1))
      (rotate (xyz 0 0 0))
    )
  )

  (module LED_THT:LED_D3.0mm_FlatTop (layer F.Cu) (tedit 5880A862) (tstamp 64862DF1)
    (at 118.035599 30.380601 270)
    (descr "LED, Round, FlatTop, diameter 3.0mm, 2 pins, http://www.kingbright.com/attachments/file/psearch/000/00/00/L-47XEC(Ver.9A).pdf")
    (tags "LED Round FlatTop diameter 3.0mm 2 pins")
    (path /64B11458)
    (fp_text reference D105 (at 1.27 -2.96 90) (layer F.SilkS)
      (effects (font (size 1 1) (thickness 0.15)))
    )
    (fp_text value LED (at 1.27 2.96 90) (layer F.Fab)
      (effects (font (size 1 1) (thickness 0.15)))
    )
    (fp_circle (center 1.27 0) (end 2.77 0) (layer F.Fab) (width 0.1))
    (fp_line (start -0.23 -1.16619) (end -0.23 1.16619) (layer F.Fab) (width 0.1))
    (fp_line (start -0.29 -1.236) (end -0.29 -1.08) (layer F.SilkS) (width 0.12))
    (fp_line (start -0.29 1.08) (end -0.29 1.236) (layer F.SilkS) (width 0.12))
    (fp_line (start -1.15 -2.25) (end -1.15 2.25) (layer F.CrtYd) (width 0.05))
    (fp_line (start -1.15 2.25) (end 3.7 2.25) (layer F.CrtYd) (width 0.05))
    (fp_line (start 3.7 2.25) (end 3.7 -2.25) (layer F.CrtYd) (width 0.05))
    (fp_line (start 3.7 -2.25) (end -1.15 -2.25) (layer F.CrtYd) (width 0.05))
    (fp_arc (start 1.27 0) (end -0.23 -1.16619) (angle 284.3) (layer F.Fab) (width 0.1))
    (fp_arc (start 1.27 0) (end -0.29 -1.235516) (angle 108.8) (layer F.SilkS) (width 0.12))
    (fp_arc (start 1.27 0) (end -0.29 1.235516) (angle -108.8) (layer F.SilkS) (width 0.12))
    (fp_arc (start 1.27 0) (end 0.229039 -1.08) (angle 87.9) (layer F.SilkS) (width 0.12))
    (fp_arc (start 1.27 0) (end 0.229039 1.08) (angle -87.9) (layer F.SilkS) (width 0.12))
    (pad 1 thru_hole rect (at 0 0 270) (size 1.8 1.8) (drill 0.9) (layers *.Cu *.Mask)
      (net 2 GND))
    (pad 2 thru_hole circle (at 2.54 0 270) (size 1.8 1.8) (drill 0.9) (layers *.Cu *.Mask)
      (net 8 "Net-(D105-Pad2)"))
    (model ${KISYS3DMOD}/LED_THT.3dshapes/LED_D3.0mm_FlatTop.wrl
      (at (xyz 0 0 0))
      (scale (xyz 1 1 1))
      (rotate (xyz 0 0 0))
    )
  )

  (module LED_THT:LED_D3.0mm_FlatTop (layer F.Cu) (tedit 5880A862) (tstamp 64862E04)
    (at 108.421599 30.399601 270)
    (descr "LED, Round, FlatTop, diameter 3.0mm, 2 pins, http://www.kingbright.com/attachments/file/psearch/000/00/00/L-47XEC(Ver.9A).pdf")
    (tags "LED Round FlatTop diameter 3.0mm 2 pins")
    (path /64B11A4C)
    (fp_text reference D106 (at 1.27 -2.96 90) (layer F.SilkS)
      (effects (font (size 1 1) (thickness 0.15)))
    )
    (fp_text value LED (at 1.27 2.96 90) (layer F.Fab)
      (effects (font (size 1 1) (thickness 0.15)))
    )
    (fp_line (start 3.7 -2.25) (end -1.15 -2.25) (layer F.CrtYd) (width 0.05))
    (fp_line (start 3.7 2.25) (end 3.7 -2.25) (layer F.CrtYd) (width 0.05))
    (fp_line (start -1.15 2.25) (end 3.7 2.25) (layer F.CrtYd) (width 0.05))
    (fp_line (start -1.15 -2.25) (end -1.15 2.25) (layer F.CrtYd) (width 0.05))
    (fp_line (start -0.29 1.08) (end -0.29 1.236) (layer F.SilkS) (width 0.12))
    (fp_line (start -0.29 -1.236) (end -0.29 -1.08) (layer F.SilkS) (width 0.12))
    (fp_line (start -0.23 -1.16619) (end -0.23 1.16619) (layer F.Fab) (width 0.1))
    (fp_circle (center 1.27 0) (end 2.77 0) (layer F.Fab) (width 0.1))
    (fp_arc (start 1.27 0) (end 0.229039 1.08) (angle -87.9) (layer F.SilkS) (width 0.12))
    (fp_arc (start 1.27 0) (end 0.229039 -1.08) (angle 87.9) (layer F.SilkS) (width 0.12))
    (fp_arc (start 1.27 0) (end -0.29 1.235516) (angle -108.8) (layer F.SilkS) (width 0.12))
    (fp_arc (start 1.27 0) (end -0.29 -1.235516) (angle 108.8) (layer F.SilkS) (width 0.12))
    (fp_arc (start 1.27 0) (end -0.23 -1.16619) (angle 284.3) (layer F.Fab) (width 0.1))
    (pad 2 thru_hole circle (at 2.54 0 270) (size 1.8 1.8) (drill 0.9) (layers *.Cu *.Mask)
      (net 9 "Net-(D106-Pad2)"))
    (pad 1 thru_hole rect (at 0 0 270) (size 1.8 1.8) (drill 0.9) (layers *.Cu *.Mask)
      (net 2 GND))
    (model ${KISYS3DMOD}/LED_THT.3dshapes/LED_D3.0mm_FlatTop.wrl
      (at (xyz 0 0 0))
      (scale (xyz 1 1 1))
      (rotate (xyz 0 0 0))
    )
  )

  (module LED_THT:LED_D3.0mm_FlatTop (layer F.Cu) (tedit 5880A862) (tstamp 64862E17)
    (at 99.0854 30.4038 270)
    (descr "LED, Round, FlatTop, diameter 3.0mm, 2 pins, http://www.kingbright.com/attachments/file/psearch/000/00/00/L-47XEC(Ver.9A).pdf")
    (tags "LED Round FlatTop diameter 3.0mm 2 pins")
    (path /64B120BF)
    (fp_text reference D107 (at 1.27 -2.96 90) (layer F.SilkS)
      (effects (font (size 1 1) (thickness 0.15)))
    )
    (fp_text value LED (at 1.27 2.96 90) (layer F.Fab)
      (effects (font (size 1 1) (thickness 0.15)))
    )
    (fp_circle (center 1.27 0) (end 2.77 0) (layer F.Fab) (width 0.1))
    (fp_line (start -0.23 -1.16619) (end -0.23 1.16619) (layer F.Fab) (width 0.1))
    (fp_line (start -0.29 -1.236) (end -0.29 -1.08) (layer F.SilkS) (width 0.12))
    (fp_line (start -0.29 1.08) (end -0.29 1.236) (layer F.SilkS) (width 0.12))
    (fp_line (start -1.15 -2.25) (end -1.15 2.25) (layer F.CrtYd) (width 0.05))
    (fp_line (start -1.15 2.25) (end 3.7 2.25) (layer F.CrtYd) (width 0.05))
    (fp_line (start 3.7 2.25) (end 3.7 -2.25) (layer F.CrtYd) (width 0.05))
    (fp_line (start 3.7 -2.25) (end -1.15 -2.25) (layer F.CrtYd) (width 0.05))
    (fp_arc (start 1.27 0) (end -0.23 -1.16619) (angle 284.3) (layer F.Fab) (width 0.1))
    (fp_arc (start 1.27 0) (end -0.29 -1.235516) (angle 108.8) (layer F.SilkS) (width 0.12))
    (fp_arc (start 1.27 0) (end -0.29 1.235516) (angle -108.8) (layer F.SilkS) (width 0.12))
    (fp_arc (start 1.27 0) (end 0.229039 -1.08) (angle 87.9) (layer F.SilkS) (width 0.12))
    (fp_arc (start 1.27 0) (end 0.229039 1.08) (angle -87.9) (layer F.SilkS) (width 0.12))
    (pad 1 thru_hole rect (at 0 0 270) (size 1.8 1.8) (drill 0.9) (layers *.Cu *.Mask)
      (net 2 GND))
    (pad 2 thru_hole circle (at 2.54 0 270) (size 1.8 1.8) (drill 0.9) (layers *.Cu *.Mask)
      (net 10 "Net-(D107-Pad2)"))
    (model ${KISYS3DMOD}/LED_THT.3dshapes/LED_D3.0mm_FlatTop.wrl
      (at (xyz 0 0 0))
      (scale (xyz 1 1 1))
      (rotate (xyz 0 0 0))
    )
  )

  (module LED_THT:LED_D3.0mm_FlatTop (layer F.Cu) (tedit 5880A862) (tstamp 64869B4E)
    (at 89.281999 30.394001 270)
    (descr "LED, Round, FlatTop, diameter 3.0mm, 2 pins, http://www.kingbright.com/attachments/file/psearch/000/00/00/L-47XEC(Ver.9A).pdf")
    (tags "LED Round FlatTop diameter 3.0mm 2 pins")
    (path /64B12CAE)
    (fp_text reference D108 (at 1.27 -2.96 90) (layer F.SilkS)
      (effects (font (size 1 1) (thickness 0.15)))
    )
    (fp_text value LED (at 1.27 2.96 90) (layer F.Fab)
      (effects (font (size 1 1) (thickness 0.15)))
    )
    (fp_line (start 3.7 -2.25) (end -1.15 -2.25) (layer F.CrtYd) (width 0.05))
    (fp_line (start 3.7 2.25) (end 3.7 -2.25) (layer F.CrtYd) (width 0.05))
    (fp_line (start -1.15 2.25) (end 3.7 2.25) (layer F.CrtYd) (width 0.05))
    (fp_line (start -1.15 -2.25) (end -1.15 2.25) (layer F.CrtYd) (width 0.05))
    (fp_line (start -0.29 1.08) (end -0.29 1.236) (layer F.SilkS) (width 0.12))
    (fp_line (start -0.29 -1.236) (end -0.29 -1.08) (layer F.SilkS) (width 0.12))
    (fp_line (start -0.23 -1.16619) (end -0.23 1.16619) (layer F.Fab) (width 0.1))
    (fp_circle (center 1.27 0) (end 2.77 0) (layer F.Fab) (width 0.1))
    (fp_arc (start 1.27 0) (end 0.229039 1.08) (angle -87.9) (layer F.SilkS) (width 0.12))
    (fp_arc (start 1.27 0) (end 0.229039 -1.08) (angle 87.9) (layer F.SilkS) (width 0.12))
    (fp_arc (start 1.27 0) (end -0.29 1.235516) (angle -108.8) (layer F.SilkS) (width 0.12))
    (fp_arc (start 1.27 0) (end -0.29 -1.235516) (angle 108.8) (layer F.SilkS) (width 0.12))
    (fp_arc (start 1.27 0) (end -0.23 -1.16619) (angle 284.3) (layer F.Fab) (width 0.1))
    (pad 2 thru_hole circle (at 2.54 0 270) (size 1.8 1.8) (drill 0.9) (layers *.Cu *.Mask)
      (net 11 "Net-(D108-Pad2)"))
    (pad 1 thru_hole rect (at 0 0 270) (size 1.8 1.8) (drill 0.9) (layers *.Cu *.Mask)
      (net 2 GND))
    (model ${KISYS3DMOD}/LED_THT.3dshapes/LED_D3.0mm_FlatTop.wrl
      (at (xyz 0 0 0))
      (scale (xyz 1 1 1))
      (rotate (xyz 0 0 0))
    )
  )

  (module LED_THT:LED_D3.0mm_FlatTop (layer F.Cu) (tedit 5880A862) (tstamp 64862E3D)
    (at 79.248 30.4038 270)
    (descr "LED, Round, FlatTop, diameter 3.0mm, 2 pins, http://www.kingbright.com/attachments/file/psearch/000/00/00/L-47XEC(Ver.9A).pdf")
    (tags "LED Round FlatTop diameter 3.0mm 2 pins")
    (path /64B133D8)
    (fp_text reference D109 (at 1.27 -2.96 90) (layer F.SilkS)
      (effects (font (size 1 1) (thickness 0.15)))
    )
    (fp_text value LED (at 1.27 2.96 90) (layer F.Fab)
      (effects (font (size 1 1) (thickness 0.15)))
    )
    (fp_circle (center 1.27 0) (end 2.77 0) (layer F.Fab) (width 0.1))
    (fp_line (start -0.23 -1.16619) (end -0.23 1.16619) (layer F.Fab) (width 0.1))
    (fp_line (start -0.29 -1.236) (end -0.29 -1.08) (layer F.SilkS) (width 0.12))
    (fp_line (start -0.29 1.08) (end -0.29 1.236) (layer F.SilkS) (width 0.12))
    (fp_line (start -1.15 -2.25) (end -1.15 2.25) (layer F.CrtYd) (width 0.05))
    (fp_line (start -1.15 2.25) (end 3.7 2.25) (layer F.CrtYd) (width 0.05))
    (fp_line (start 3.7 2.25) (end 3.7 -2.25) (layer F.CrtYd) (width 0.05))
    (fp_line (start 3.7 -2.25) (end -1.15 -2.25) (layer F.CrtYd) (width 0.05))
    (fp_arc (start 1.27 0) (end -0.23 -1.16619) (angle 284.3) (layer F.Fab) (width 0.1))
    (fp_arc (start 1.27 0) (end -0.29 -1.235516) (angle 108.8) (layer F.SilkS) (width 0.12))
    (fp_arc (start 1.27 0) (end -0.29 1.235516) (angle -108.8) (layer F.SilkS) (width 0.12))
    (fp_arc (start 1.27 0) (end 0.229039 -1.08) (angle 87.9) (layer F.SilkS) (width 0.12))
    (fp_arc (start 1.27 0) (end 0.229039 1.08) (angle -87.9) (layer F.SilkS) (width 0.12))
    (pad 1 thru_hole rect (at 0 0 270) (size 1.8 1.8) (drill 0.9) (layers *.Cu *.Mask)
      (net 2 GND))
    (pad 2 thru_hole circle (at 2.54 0 270) (size 1.8 1.8) (drill 0.9) (layers *.Cu *.Mask)
